-9.483481e+01    0    0
-9.487662e+01    0    0
-3.229856e+01    0    0
-4.524792e+01    0    0
5.034063e+01    0    0
-7.536265e-01    0    0
1.116392e+02    0    0
3.761163e+01    0    0
-1.087785e+02    0    0
-1.216626e+02    0    0
-6.380006e+01    0    0
-1.552375e+02    0    0
1.642997e+01    0    0
7.329513e+01    0    0
1.186145e+02    0    0
-1.186875e+02    0    0
7.171337e+01    0    0
-1.020608e+02    0    0
1.594337e+01    0    0
-1.726350e+02    0    0
1.665262e+02    0    0
1.065167e+02    0    0
-1.783670e+02    0    0
1.620755e+02    0    0
-1.753651e+01    0    0
-4.860071e+01    0    0
-8.795825e+01    0    0
-2.846649e+01    0    0
-8.138599e+01    0    0
1.238845e+02    0    0
-1.309621e+02    0    0
1.702217e+02    0    0
-1.052221e+01    0    0
5.410611e+01    0    0
9.059138e+01    0    0
-1.118737e+02    0    0
-3.793077e+01    0    0
-1.420065e+02    0    0
1.462348e+02    0    0
3.888645e+01    0    0
-2.725705e+01    0    0
1.377864e+01    0    0
8.968359e+01    0    0
-5.334831e+01    0    0
1.356039e+02    0    0
-5.387561e-01    0    0
6.010420e+01    0    0
1.271064e+02    0    0
7.754667e+00    0    0
3.766796e+01    0    0
1.453839e+02    0    0
1.408599e+01    0    0
-1.456770e+02    0    0
-1.059707e+02    0    0
-1.613671e+02    0    0
3.132962e+01    0    0
1.252934e+02    0    0
-4.548637e+01    0    0
-1.256278e+02    0    0
-1.330930e+02    0    0
-1.470509e+02    0    0
1.207168e+01    0    0
1.432527e+02    0    0
-9.718592e+01    0    0
8.114310e+01    0    0
2.841815e+01    0    0
-3.143853e+01    0    0
-2.047363e+01    0    0
8.056647e+01    0    0
-5.824743e+01    0    0
1.444227e+02    0    0
8.792379e+01    0    0
-1.803241e+02    0    0
-1.705945e+02    0    0
1.598344e+02    0    0
-7.448742e+01    0    0
-6.365279e+01    0    0
3.511617e+01    0    0
1.062590e+02    0    0
1.553150e+02    0    0
6.783596e+01    0    0
-1.552995e+02    0    0
-1.718225e+02    0    0
   0    0    0
