4.662641e+01    0    0
-6.374764e+01    0    0
-1.852740e+02    0    0
1.051128e+02    0    0
1.633754e+02    0    0
-8.319876e+01    0    0
1.187148e+02    0    0
2.141304e+02    0    0
-3.073502e+01    0    0
-2.195765e+00    0    0
-9.381632e+01    0    0
-1.688476e+02    0    0
3.644474e+01    0    0
-7.290819e+00    0    0
2.097720e+02    0    0
-1.207544e+02    0    0
1.162991e+02    0    0
-1.739027e+02    0    0
-1.080265e+02    0    0
-1.838003e+02    0    0
1.169868e+02    0    0
2.117370e+02    0    0
-7.627103e+01    0    0
2.274743e+02    0    0
-1.479325e+02    0    0
-2.176786e+02    0    0
-6.413344e+01    0    0
-1.010528e+02    0    0
7.674231e+01    0    0
2.989628e+02    0    0
-2.071990e+02    0    0
2.790532e+02    0    0
1.301864e+02    0    0
8.269795e+01    0    0
2.264909e+02    0    0
4.955965e+01    0    0
-2.292085e+01    0    0
-5.877884e+01    0    0
1.831385e+02    0    0
-1.203774e+02    0    0
-3.768907e+01    0    0
6.796428e+01    0    0
1.007817e+02    0    0
-9.574751e+01    0    0
2.934006e+02    0    0
1.217562e+02    0    0
1.892568e+02    0    0
7.805830e+01    0    0
3.784299e+01    0    0
1.594850e+02    0    0
2.998719e+02    0    0
7.479439e+01    0    0
-2.488063e+02    0    0
-4.899460e+01    0    0
-3.151144e+02    0    0
6.108491e+00    0    0
1.865802e+02    0    0
1.077659e+02    0    0
-1.077397e+01    0    0
-1.415642e+02    0    0
-5.900814e+01    0    0
-2.331402e+01    0    0
3.093685e+02    0    0
9.011328e+01    0    0
2.149650e+02    0    0
-1.608931e+01    0    0
-4.941190e+01    0    0
-1.114979e+02    0    0
1.813819e+02    0    0
7.410221e+01    0    0
2.926538e+02    0    0
1.127169e+02    0    0
-1.434233e+02    0    0
-2.965556e+02    0    0
2.993507e+02    0    0
-9.454896e+01    0    0
-1.723904e+02    0    0
1.783770e+02    0    0
2.030703e+02    0    0
2.930093e+02    0    0
-1.124757e+01    0    0
-8.530893e+01    0    0
-1.137169e+02    0    0
   0    0    0
